# mymap

boundary 0.0 -5.0 0.0 10.0 20.0 6.0

# Left column
block   0.0   -1.0    0.0    4.0    1.0    6.0   100   100   100
# Right column
block   6.0   -1.0    0.0   10.0    1.0    6.0   100   100   100
# Middle Passage
block   0.0   -2.0    0.0   10.0   -1.0    5.0   100   100   100
block   0.0    1.0    2.0   10.0    2.0    6.0   100   100   100
# Rest of temple
block   0.0    5.0    0.0    7.0   11.0    3.0   200   200   200
block   0.0   14.0    0.0    4.0   20.0    3.0   200   200   200
block   0.0    5.0    3.0    1.0   11.0    6.0   200   200   200
block   0.0   14.0    3.0    1.0   20.0    6.0   200   200   200
block   1.0    5.0    3.0    4.0   20.0    6.0   200   200   200
block   6.0   14.0    0.0   10.0   20.0    3.0   200   200   200
block   4.0   14.0    3.0    8.0   18.0    6.0   200   200   200
block   4.0    5.0    3.0   10.0   14.0    6.0   200   200   200
# Debree
block   9.5    5.0    0.0   10.0    5.3    0.2     0     0     0
block   7.4    6.0    0.0    7.8    6.3    0.2     0     0     0
block   8.5    7.0    0.0    8.7    7.3    0.2     0     0     0
block   7.5    9.0    0.0    8.0    9.2    3.0     0     0     0
block   8.5   10.0    1.0    9.0   10.2    3.0     0     0     0
block   8.5   10.0    0.0    9.0   11.0    0.2     0     0     0
